% -------------------------------------------------------------------
%  Generated by MATLAB on 7-Oct-2022 15:11:57
%  MATLAB version: 9.9.0.1570001 (R2020b) Update 4
% -------------------------------------------------------------------
                                          

bestPath = [41 35 43 31 26 25 32 50 29 47 34 42 28 46 48 33 38 45 27 39 ...
            44 40 37 49 30 36 8 16 21 7 19 20 11 3 6 15 12 2 14 22 17 24 ...
            23 4 10 9 13 1 5 18];
